111111101100101111111
100000100100101000001
101110101010101011101
101110101001001011101
101110101111001011101
100000100000001000001
111111101010101111111
000000000110100000000
111100101010010011101
000101010000001111111
011101111010001100111
100010001011000101001
101110110010001101010
000000001110110110010
111111100111001111100
100000100000010110101
101110100100110001110
101110101100100101110
101110101111111000000
100000101101101100001
111111101101111011100

111111101111101111111
100000101010101000001
101110101000001011101
101110101111001011101
101110100000101011101
100000101101001000001
111111101010101111111
000000000111100000000
110011100101000101111
111100000011100011110
000111101101001110010
111011000010010010001
010010100100110100011
000000001100111010100
111111100000111010110
100000101011110000011
101110101101010001010
101110100110100111111
101110100111011010000
100000101100010100000
111111101011010001001

111111101100101111111
100000100100101000001
101110101010101011101
101110101001001011101
101110101110001011101
100000100000001000001
111111101010101111111
000000000110000000000
111100101010010011101
001100010010111111101
001111100110110101111
110110011010100001011
101011111101011010010
000000001100001010100
111111100110011011000
100000100011110011101
101110100111000100100
101110101000000000010
101110101011011000100
100000101111101100001
111111101111110110100
